1.077439999999999998e+02 1.181800000000000139e+01
1.056319999999999908e+02 1.161200000000000010e+01
1.032000000000000028e+02 1.154199999999999982e+01
1.016320000000000050e+02 1.141800000000000104e+01
1.001599999999999966e+02 1.134200000000000053e+01
9.804800000000000182e+01 1.124399999999999977e+01
9.971200000000000330e+01 1.134399999999999942e+01
9.811199999999999477e+01 1.130199999999999960e+01
1.007680000000000007e+02 1.153400000000000070e+01
9.990399999999999636e+01 1.159999999999999964e+01
9.647999999999998977e+01 1.140399999999999991e+01
9.379200000000000159e+01 1.128800000000000026e+01
9.094400000000000261e+01 1.106800000000000139e+01
8.870399999999999352e+01 1.094000000000000128e+01
8.902400000000000091e+01 1.094599999999999973e+01
8.528000000000000114e+01 1.079000000000000092e+01
8.524800000000000466e+01 1.092399999999999949e+01
8.342400000000000659e+01 1.072600000000000087e+01
8.595199999999999818e+01 1.085599999999999987e+01
8.595199999999999818e+01 1.092800000000000082e+01
8.361599999999999966e+01 1.077800000000000047e+01
8.105599999999999739e+01 1.063400000000000034e+01
7.676800000000000068e+01 1.037399999999999878e+01
7.590399999999999636e+01 1.026600000000000001e+01
7.664000000000000057e+01 1.016999999999999993e+01
7.833599999999999852e+01 1.025000000000000000e+01
8.214400000000000546e+01 1.050999999999999979e+01
8.918399999999999750e+01 1.097600000000000087e+01
8.243200000000000216e+01 1.065399999999999991e+01
8.486400000000000432e+01 1.086400000000000077e+01
8.966400000000000148e+01 1.111400000000000077e+01
8.620799999999999841e+01 1.097600000000000087e+01
8.512000000000000455e+01 1.111400000000000077e+01
8.499199999999999022e+01 1.127599999999999980e+01
8.259199999999999875e+01 1.108999999999999986e+01
7.721599999999999397e+01 1.094200000000000017e+01
8.015999999999999659e+01 1.117999999999999972e+01
8.099199999999999022e+01 1.123399999999999999e+01
7.987199999999999989e+01 1.113599999999999923e+01
7.846399999999999864e+01 1.098199999999999932e+01
7.724800000000000466e+01 1.089599999999999902e+01
7.769599999999999795e+01 1.110599999999999987e+01
7.740800000000000125e+01 1.112600000000000122e+01
8.329600000000000648e+01 1.134200000000000053e+01
7.913599999999999568e+01 1.106800000000000139e+01
7.615999999999999659e+01 1.086599999999999966e+01
7.468800000000000239e+01 1.071599999999999930e+01
7.126399999999999579e+01 1.053599999999999959e+01
6.800000000000000000e+01 1.025600000000000023e+01
7.020799999999999841e+01 1.032399999999999984e+01
6.918399999999999750e+01 1.029199999999999982e+01
6.899199999999999022e+01 1.038400000000000034e+01
6.483200000000000784e+01 1.015799999999999947e+01
6.182399999999999807e+01 1.006400000000000006e+01
5.875199999999999534e+01 9.831999999999998963e+00
5.945599999999999596e+01 9.922000000000000597e+00
5.535999999999999943e+01 9.714000000000000412e+00
5.014399999999999835e+01 9.243999999999999773e+00
5.503999999999999915e+01 9.379999999999999005e+00
5.545599999999999596e+01 9.355999999999999872e+00
5.516799999999999216e+01 9.333999999999999631e+00
5.369600000000000506e+01 9.245999999999998664e+00
5.372799999999999443e+01 9.086000000000000298e+00
5.472000000000000597e+01 9.129999999999999005e+00
5.593599999999999994e+01 9.199999999999999289e+00
5.715200000000000102e+01 9.323999999999999844e+00
6.073600000000000421e+01 9.577999999999999403e+00
6.559999999999999432e+01 1.001200000000000045e+01
6.412800000000000011e+01 9.971999999999999531e+00
5.859199999999999875e+01 9.647999999999999687e+00
6.172799999999999443e+01 9.870000000000000995e+00
6.076799999999999358e+01 9.676000000000000156e+00
5.756799999999999784e+01 9.545999999999999375e+00
5.839999999999999858e+01 9.580000000000000071e+00
5.881599999999999540e+01 9.650000000000000355e+00
5.686399999999999721e+01 9.449999999999999289e+00
5.875199999999999534e+01 9.631999999999999673e+00
5.731199999999999761e+01 9.506000000000000227e+00
5.382399999999999807e+01 9.192000000000000171e+00
5.193599999999999994e+01 9.018000000000000682e+00
5.180800000000000693e+01 9.044000000000000483e+00
5.296000000000000085e+01 9.076000000000000512e+00
5.123200000000000642e+01 8.907999999999999474e+00
5.180800000000000693e+01 8.934000000000001052e+00
5.292799999999999727e+01 8.890000000000000568e+00
5.513600000000000279e+01 9.157999999999999474e+00
5.427200000000000557e+01 8.980000000000000426e+00
5.478400000000000603e+01 9.062000000000001165e+00
5.679999999999999716e+01 9.251999999999998892e+00
5.507200000000000273e+01 9.099999999999999645e+00
5.593599999999999994e+01 9.256000000000000227e+00
5.903999999999999915e+01 9.487999999999999545e+00
6.217600000000000193e+01 9.827999999999999403e+00
6.422400000000000375e+01 1.008600000000000030e+01
6.720000000000000284e+01 1.026200000000000045e+01
7.155199999999999250e+01 1.045800000000000018e+01
6.367999999999999261e+01 1.005600000000000094e+01
6.595199999999999818e+01 1.033799999999999919e+01
6.486400000000000432e+01 1.015000000000000036e+01
6.534400000000000830e+01 1.014199999999999946e+01
6.467199999999999704e+01 1.008000000000000007e+01
6.150399999999999778e+01 9.740000000000000213e+00
6.576000000000000512e+01 1.002999999999999936e+01
6.662399999999999523e+01 1.010999999999999943e+01
7.225600000000000023e+01 1.060999999999999943e+01
6.934400000000000830e+01 1.058399999999999963e+01
6.774399999999999977e+01 1.058199999999999896e+01
6.287999999999999545e+01 1.024200000000000088e+01
6.227200000000000557e+01 1.027800000000000047e+01
5.887999999999999545e+01 9.912000000000000810e+00
6.383999999999999631e+01 1.026999999999999957e+01
6.272000000000000597e+01 1.037000000000000099e+01
6.595199999999999818e+01 1.062000000000000099e+01
6.185599999999999454e+01 1.029800000000000004e+01
5.916799999999999216e+01 1.002800000000000047e+01
5.430399999999999494e+01 9.701999999999999957e+00
5.321599999999999397e+01 9.608000000000000540e+00
5.097599999999999909e+01 9.358000000000000540e+00
5.664000000000000057e+01 9.876000000000001222e+00
5.084799999999999898e+01 9.304000000000000270e+00
5.484799999999999898e+01 9.684000000000001052e+00
5.334400000000000830e+01 9.483999999999999986e+00
5.379199999999999449e+01 9.467999999999999972e+00
5.203200000000000358e+01 9.309999999999998721e+00
4.867200000000000415e+01 8.958000000000000185e+00
4.550400000000000489e+01 8.763999999999999346e+00
4.448000000000000398e+01 8.602000000000000313e+00
4.607999999999999829e+01 8.791999999999999815e+00
4.563199999999999790e+01 8.666000000000000369e+00
4.524800000000000466e+01 8.556000000000000938e+00
4.649599999999999511e+01 8.640000000000000568e+00
4.499200000000000443e+01 8.448000000000000398e+00
4.524800000000000466e+01 8.577999999999999403e+00
4.271999999999999886e+01 8.285999999999999588e+00
4.217600000000000193e+01 8.326000000000000512e+00
4.064000000000000057e+01 8.157999999999999474e+00
4.111999999999999744e+01 8.215999999999999304e+00
4.016000000000000369e+01 8.141999999999999460e+00
4.223999999999999488e+01 8.339999999999999858e+00
4.499200000000000443e+01 8.608000000000000540e+00
4.691199999999999903e+01 8.693999999999999062e+00
4.623999999999999488e+01 8.608000000000000540e+00
4.271999999999999886e+01 8.314000000000000057e+00
4.156799999999999784e+01 8.320000000000000284e+00
4.243200000000000216e+01 8.368000000000000327e+00
4.364800000000000324e+01 8.467999999999999972e+00
4.268800000000000239e+01 8.442000000000000171e+00
4.169599999999999795e+01 8.448000000000000398e+00
3.891199999999999903e+01 8.226000000000000867e+00
3.795199999999999818e+01 8.141999999999999460e+00
3.910399999999999920e+01 8.248000000000001108e+00
3.747200000000000131e+01 8.077999999999999403e+00
3.721600000000000108e+01 8.059999999999998721e+00
3.654399999999999693e+01 7.998000000000000220e+00
3.561599999999999966e+01 7.907999999999999474e+00
3.760000000000000142e+01 8.131999999999999673e+00
3.760000000000000142e+01 8.156000000000000583e+00
3.683200000000000074e+01 8.081999999999998963e+00
3.583999999999999631e+01 8.050000000000000711e+00
3.583999999999999631e+01 8.112000000000000099e+00
3.679999999999999716e+01 8.237999999999999545e+00
3.711999999999999744e+01 8.230000000000000426e+00
3.779200000000000159e+01 8.337999999999999190e+00
3.625600000000000023e+01 8.279999999999999361e+00
3.660799999999999699e+01 8.257999999999999119e+00
3.724800000000000466e+01 8.282000000000000028e+00
3.731199999999999761e+01 8.304000000000000270e+00
3.814399999999999835e+01 8.364000000000000767e+00
3.683200000000000074e+01 8.179999999999999716e+00
3.657600000000000051e+01 8.221999999999999531e+00
3.558399999999999608e+01 8.065999999999998948e+00
3.193599999999999994e+01 7.718000000000000860e+00
3.011200000000000188e+01 7.535999999999999588e+00
3.177599999999999980e+01 7.679999999999999716e+00
3.155199999999999960e+01 7.462000000000000632e+00
3.065599999999999881e+01 7.279999999999999361e+00
2.838399999999999679e+01 7.037999999999999368e+00
2.937599999999999767e+01 6.958000000000000185e+00
2.902400000000000091e+01 6.901999999999999247e+00
2.835199999999999676e+01 6.828000000000000291e+00
2.832000000000000028e+01 6.793999999999999595e+00
2.800000000000000000e+01 6.764000000000000234e+00
2.783999999999999631e+01 6.759999999999999787e+00
2.742399999999999949e+01 6.726000000000000867e+00
2.960000000000000142e+01 6.876000000000000334e+00
3.062400000000000233e+01 6.954000000000000625e+00
2.793599999999999994e+01 6.668000000000001037e+00
2.880000000000000071e+01 6.773999999999999133e+00
2.908800000000000097e+01 6.779999999999999361e+00
2.841600000000000392e+01 6.673999999999999488e+00
2.841600000000000392e+01 6.662000000000000810e+00
2.767999999999999972e+01 6.535999999999999588e+00
2.729599999999999937e+01 6.485999999999999766e+00
2.761600000000000321e+01 6.456000000000000405e+00
2.878399999999999892e+01 6.537999999999999368e+00
2.843999999999999773e+01 6.559999999999999609e+00
2.800799999999999912e+01 6.423999999999999488e+00
2.830400000000000205e+01 6.352000000000000313e+00
2.737599999999999767e+01 6.252000000000000668e+00
2.671199999999999974e+01 6.220000000000000639e+00
2.638399999999999679e+01 6.145999999999999908e+00
2.630400000000000205e+01 6.168000000000000149e+00
2.799200000000000088e+01 6.315999999999999837e+00
2.763999999999999702e+01 6.217999999999999972e+00
2.980799999999999983e+01 6.401999999999999247e+00
2.997599999999999909e+01 6.330000000000000071e+00
2.918399999999999750e+01 6.233999999999999986e+00
2.903999999999999915e+01 6.293999999999999595e+00
2.960799999999999699e+01 6.298000000000000043e+00
2.723999999999999844e+01 6.014000000000000234e+00
2.794399999999999906e+01 6.165999999999999481e+00
2.844800000000000040e+01 6.206000000000000405e+00
2.746399999999999864e+01 6.089999999999999858e+00
2.956000000000000227e+01 6.279999999999999361e+00
2.975199999999999889e+01 6.328000000000000291e+00
2.974399999999999977e+01 6.370000000000000107e+00
2.783200000000000074e+01 6.229999999999999538e+00
2.788000000000000256e+01 6.252000000000000668e+00
2.880000000000000071e+01 6.339999999999999858e+00
2.905600000000000094e+01 6.346000000000000085e+00
2.774399999999999977e+01 6.209999999999999964e+00
2.535999999999999943e+01 5.982000000000000206e+00
2.492800000000000082e+01 5.884000000000000341e+00
2.507199999999999918e+01 5.927999999999999936e+00
2.400000000000000000e+01 5.727999999999999758e+00
2.379199999999999804e+01 5.725999999999999979e+00
2.428800000000000026e+01 5.815999999999999837e+00
2.355199999999999960e+01 5.727999999999999758e+00
2.328000000000000114e+01 5.669999999999999929e+00
2.369600000000000151e+01 5.703999999999999737e+00
2.419200000000000017e+01 5.770000000000000462e+00
2.453600000000000136e+01 5.738000000000000433e+00
2.412800000000000011e+01 5.660000000000000142e+00
2.443199999999999861e+01 5.660000000000000142e+00
2.355199999999999960e+01 5.567999999999999616e+00
2.390399999999999991e+01 5.549999999999999822e+00
2.308800000000000097e+01 5.474000000000000199e+00
2.365599999999999881e+01 5.541999999999999815e+00
2.410399999999999920e+01 5.613999999999999879e+00
2.426399999999999935e+01 5.637999999999999901e+00
2.343199999999999861e+01 5.464000000000000412e+00
2.251999999999999957e+01 5.314000000000000057e+00
2.383200000000000074e+01 5.503999999999999559e+00
2.436800000000000210e+01 5.502000000000000668e+00
2.603200000000000003e+01 5.620000000000000107e+00
2.556800000000000139e+01 5.618000000000000327e+00
2.699200000000000088e+01 5.706000000000000405e+00
2.696799999999999997e+01 5.677999999999999936e+00
2.834400000000000119e+01 5.791999999999999815e+00
2.544800000000000040e+01 5.589999999999999858e+00
